latitude: 47.52585
longitude: -122.39049
utc_offset: -8